334.00 305.00
333.80 304.60
333.60 304.20
333.40 303.80
333.20 303.40
333.00 303.00
333.00 302.80
333.00 302.60
333.00 302.40
333.00 302.20
333.00 302.00
332.80 302.00
332.60 302.00
332.40 302.00
332.20 302.00
332.00 302.00
331.80 302.00
331.60 302.00
331.40 302.00
331.20 302.00
331.00 302.00
330.80 301.60
330.60 301.20
330.40 300.80
330.20 300.40
330.00 300.00
329.80 299.60
329.60 299.20
329.40 298.80
329.20 298.40
329.00 298.00
328.80 298.00
328.60 298.00
328.40 298.00
328.20 298.00
328.00 298.00
328.00 297.80
328.00 297.60
328.00 297.40
328.00 297.20
328.00 297.00
327.80 296.40
327.60 295.80
327.40 295.20
327.20 294.60
327.00 294.00
326.80 293.40
326.60 292.80
326.40 292.20
326.20 291.60
326.00 291.00
326.00 290.40
326.00 289.80
326.00 289.20
326.00 288.60
326.00 288.00
326.00 287.80
326.00 287.60
326.00 287.40
326.00 287.20
326.00 287.00
326.20 284.00
326.40 281.00
326.60 278.00
326.80 275.00
327.00 272.00
327.20 271.40
327.40 270.80
327.60 270.20
327.80 269.60
328.00 269.00
328.00 268.20
328.00 267.40
328.00 266.60
328.00 265.80
328.00 265.00
328.00 264.00
328.00 263.00
328.00 262.00
328.00 261.00
328.00 260.00
328.00 259.20
328.00 258.40
328.00 257.60
328.00 256.80
328.00 256.00
328.60 255.20
329.20 254.40
329.80 253.60
330.40 252.80
331.00 252.00
331.00 251.40
331.00 250.80
331.00 250.20
331.00 249.60
331.00 249.00
331.20 248.20
331.40 247.40
331.60 246.60
331.80 245.80
332.00 245.00
332.00 244.40
332.00 243.80
332.00 243.20
332.00 242.60
332.00 242.00
331.80 241.60
331.60 241.20
331.40 240.80
331.20 240.40
331.00 240.00
332.20 239.40
333.40 238.80
334.60 238.20
335.80 237.60
337.00 237.00
338.31 235.31
338.19 235.97
338.58 235.64
338.00 236.16
338.71 235.80
339.81 237.60
336.40 236.40
336.60 236.60
336.80 236.80
337.00 237.00
337.00 237.20
337.00 237.40
337.00 237.60
337.00 237.80
337.00 238.00
337.20 238.60
337.40 239.20
337.60 239.80
337.80 240.40
338.00 241.00
338.20 241.20
338.40 241.40
338.60 241.60
338.80 241.80
339.00 242.00
339.00 242.40
339.00 242.80
339.00 243.20
339.00 243.60
339.00 244.00
339.00 243.80
339.00 243.60
339.00 243.40
339.00 243.20
339.00 243.00
341.40 244.00
343.80 245.00
346.20 246.00
348.60 247.00
351.00 248.00
352.20 248.60
353.40 249.20
354.60 249.80
355.80 250.40
357.00 251.00
357.80 251.20
358.60 251.40
359.40 251.60
360.20 251.80
361.00 252.00
362.00 252.40
363.00 252.80
364.00 253.20
365.00 253.60
366.00 254.00
366.80 254.40
367.60 254.80
368.40 255.20
369.20 255.60
370.00 256.00
370.80 256.40
371.60 256.80
372.40 257.20
373.20 257.60
374.00 258.00
375.20 258.80
376.40 259.60
377.60 260.40
378.80 261.20
380.00 262.00
383.00 265.00
386.00 268.00
389.00 271.00
392.00 274.00
395.00 277.00
396.20 277.60
397.40 278.20
398.60 278.80
399.80 279.40
401.00 280.00
401.60 280.40
402.20 280.80
402.80 281.20
403.40 281.60
404.00 282.00
405.00 282.40
406.00 282.80
407.00 283.20
408.00 283.60
409.00 284.00
409.40 284.00
409.80 284.00
410.20 284.00
410.60 284.00
411.00 284.00
411.20 284.60
411.40 285.20
411.60 285.80
411.80 286.40
412.00 287.00
412.40 287.40
412.80 287.80
413.20 288.20
413.60 288.60
414.00 289.00
414.20 289.60
414.40 290.20
414.60 290.80
414.80 291.40
415.63 289.52
416.25 290.55
416.35 290.72
416.85 291.96
417.36 292.55
420.11 294.12
421.17 294.11
420.83 296.05
420.39 295.28
420.53 294.82
420.51 295.94
420.79 293.55
420.42 293.32
419.83 294.74
420.95 296.00
420.93 293.71
419.64 294.97
420.90 293.63
419.91 294.87
419.43 295.87
420.15 297.22
420.69 296.31
420.25 297.65
420.35 297.99
421.43 298.31
419.69 296.78
419.73 298.55
420.42 297.38
419.59 301.57
419.15 300.76
418.80 300.33
418.99 303.77
418.27 304.39
419.33 305.01
419.71 307.66
419.74 307.59
419.09 306.47
419.53 314.38
419.78 319.12
418.56 320.88
418.43 321.91
419.36 322.25
418.48 325.34
418.75 327.43
417.50 325.98
417.83 325.91
416.66 328.47
417.11 327.42
417.61 329.21
416.17 329.52
415.77 328.95
414.99 331.05
415.83 331.47
415.01 331.59
414.92 331.31
414.61 330.36
416.50 334.22
412.87 332.71
413.22 331.37
414.57 332.63
413.47 332.71
413.39 331.28
413.92 333.92
413.12 336.65
413.08 336.06
411.99 337.59
413.41 337.26
411.20 340.00
410.80 340.00
410.40 340.00
410.00 340.00
409.60 340.40
409.20 340.80
408.80 341.20
408.40 341.60
408.00 342.00
407.60 341.20
407.20 340.40
406.80 339.60
406.40 338.80
406.00 338.00
405.40 337.20
404.80 336.40
404.20 335.60
403.60 334.80
403.00 334.00
401.80 332.00
400.60 330.00
399.40 328.00
398.20 326.00
397.00 324.00
396.60 323.40
396.20 322.80
395.80 322.20
395.40 321.60
395.00 321.00
394.20 320.60
393.40 320.20
392.60 319.80
391.80 319.40
391.00 319.00
390.20 318.40
389.40 317.80
388.60 317.20
387.80 316.60
387.00 316.00
386.00 315.60
385.00 315.20
384.00 314.80
383.00 314.40
382.00 314.00
380.80 313.00
379.60 312.00
378.40 311.00
377.20 310.00
376.00 309.00
374.60 308.00
373.20 307.00
371.80 306.00
370.40 305.00
369.00 304.00
367.20 302.80
365.40 301.60
363.60 300.40
361.80 299.20
360.00 298.00
358.40 296.80
356.80 295.60
355.20 294.40
353.60 293.20
352.00 292.00
349.60 291.00
347.20 290.00
344.80 289.00
342.40 288.00
340.00 287.00
337.40 285.80
334.80 284.60
332.20 283.40
329.60 282.20
327.00 281.00
323.00 280.00
319.00 279.00
315.00 278.00
311.00 277.00
307.00 276.00
304.20 275.00
301.40 274.00
298.60 273.00
295.80 272.00
293.00 271.00
290.80 270.20
288.60 269.40
286.40 268.60
284.20 267.80
282.00 267.00
279.40 266.20
276.80 265.40
274.20 264.60
271.60 263.80
269.00 263.00
267.20 262.40
265.40 261.80
263.60 261.20
261.80 260.60
260.00 260.00
257.80 259.40
255.60 258.80
253.40 258.20
251.20 257.60
249.00 257.00
247.20 256.60
245.40 256.20
243.60 255.80
241.80 255.40
240.00 255.00
236.60 254.60
233.20 254.20
229.80 253.80
226.40 253.40
223.00 253.00
221.40 252.60
219.80 252.20
218.20 251.80
216.60 251.40
215.00 251.00
213.80 250.60
212.60 250.20
211.40 249.80
210.20 249.40
209.00 249.00
208.00 248.80
207.00 248.60
206.00 248.40
205.00 248.20
204.00 248.00
203.20 247.60
202.40 247.20
201.60 246.80
200.80 246.40
200.00 246.00
199.60 245.20
199.20 244.40
198.80 243.60
198.40 242.80
198.00 242.00
198.60 240.00
199.20 238.00
199.80 236.00
200.40 234.00
201.00 232.00
201.00 231.60
201.00 231.20
201.00 230.80
201.00 230.40
201.00 230.00
200.60 229.80
200.20 229.60
199.80 229.40
199.40 229.20
199.00 229.00
198.80 229.20
198.60 229.40
198.40 229.60
198.20 229.80
198.00 230.00
197.60 230.80
197.20 231.60
196.80 232.40
196.40 233.20
196.00 234.00
195.00 237.00
194.00 240.00
193.00 243.00
192.00 246.00
191.00 249.00
190.80 249.80
190.60 250.60
190.40 251.40
190.20 252.20
190.00 253.00
189.80 253.80
189.60 254.60
189.40 255.40
189.20 256.20
189.00 257.00
188.60 257.80
188.20 258.60
187.80 259.40
187.40 260.20
187.00 261.00
187.00 261.60
187.00 262.20
187.00 262.80
187.00 263.40
187.00 264.00
186.40 265.20
185.80 266.40
185.20 267.60
184.60 268.80
184.00 270.00
183.20 271.40
182.40 272.80
181.60 274.20
180.80 275.60
180.00 277.00
179.80 277.60
179.60 278.20
179.40 278.80
179.20 279.40
179.00 280.00
179.20 280.00
179.40 280.00
179.60 280.00
179.80 280.00
180.00 280.00
180.20 280.00
180.40 280.00
180.60 280.00
180.80 280.00
181.00 280.00
181.80 280.20
182.60 280.40
183.40 280.60
184.20 280.80
185.00 281.00
185.80 281.00
186.60 281.00
187.40 281.00
188.20 281.00
189.00 281.00
190.40 281.00
191.80 281.00
193.20 281.00
194.60 281.00
196.00 281.00
197.20 281.20
198.40 281.40
199.60 281.60
200.80 281.80
202.00 282.00
203.40 282.00
204.80 282.00
206.20 282.00
207.60 282.00
209.00 282.00
210.40 282.20
211.80 282.40
213.20 282.60
214.60 282.80
216.00 283.00
218.00 283.40
220.00 283.80
222.00 284.20
224.00 284.60
226.00 285.00
228.00 285.40
230.00 285.80
232.00 286.20
234.00 286.60
236.00 287.00
237.80 287.20
239.60 287.40
241.40 287.60
243.20 287.80
245.00 288.00
247.20 288.20
249.40 288.40
251.60 288.60
253.80 288.80
256.00 289.00
258.00 289.40
260.00 289.80
262.00 290.20
264.00 290.60
266.00 291.00
268.80 291.40
271.60 291.80
274.40 292.20
277.20 292.60
280.00 293.00
283.40 294.00
286.80 295.00
290.20 296.00
293.60 297.00
297.00 298.00
298.80 298.60
300.60 299.20
302.40 299.80
304.20 300.40
306.00 301.00
307.40 301.80
308.80 302.60
310.20 303.40
311.60 304.20
313.00 305.00
314.40 305.80
315.80 306.60
317.20 307.40
318.60 308.20
320.00 309.00
321.80 309.60
323.60 310.20
325.40 310.80
327.20 311.40
329.00 312.00
331.40 313.80
333.80 315.60
336.20 317.40
338.60 319.20
341.00 321.00
342.20 321.60
343.40 322.20
344.60 322.80
345.80 323.40
347.00 324.00
348.20 324.60
349.40 325.20
350.60 325.80
351.80 326.40
353.00 327.00
353.80 327.40
354.60 327.80
355.40 328.20
356.20 328.60
357.00 329.00
357.60 329.60
358.20 330.20
358.80 330.80
359.40 331.40
360.00 332.00
361.20 333.20
362.40 334.40
363.60 335.60
364.80 336.80
366.00 338.00
367.20 339.20
368.40 340.40
369.60 341.60
370.80 342.80
372.00 344.00
372.20 344.40
372.40 344.80
372.60 345.20
372.80 345.60
373.00 346.00
373.40 346.40
373.80 346.80
374.20 347.20
374.60 347.60
375.00 348.00
375.00 348.00
375.00 348.00
375.00 348.00
375.00 348.00
375.00 348.00
375.20 348.20
375.40 348.40
375.60 348.60
375.80 348.80
376.00 349.00
376.00 349.20
376.00 349.40
376.00 349.60
376.00 349.80
376.00 350.00
375.80 350.40
375.60 350.80
375.40 351.20
375.20 351.60
375.00 352.00
374.00 353.20
373.00 354.40
372.00 355.60
371.00 356.80
370.00 358.00
368.40 360.00
366.80 362.00
365.20 364.00
363.60 366.00
362.00 368.00
361.40 368.60
360.80 369.20
360.20 369.80
359.60 370.40
359.00 371.00
358.40 371.40
357.80 371.80
357.20 372.20
356.60 372.60
356.00 373.00
355.60 373.60
355.20 374.20
354.80 374.80
354.40 375.40
354.00 376.00
353.00 378.00
352.00 380.00
351.00 382.00
350.00 384.00
349.00 386.00
348.60 386.40
348.20 386.80
347.80 387.20
347.40 387.60
347.00 388.00
347.00 388.20
347.00 388.40
347.00 388.60
347.00 388.80
347.00 389.00
346.60 389.20
346.20 389.40
345.80 389.60
345.40 389.80
345.00 390.00
344.60 389.80
344.20 389.60
343.80 389.40
343.40 389.20
343.00 389.00
342.40 388.40
341.80 387.80
341.20 387.20
340.60 386.60
340.00 386.00
339.20 385.60
338.40 385.20
337.60 384.80
336.80 384.40
336.00 384.00
335.20 385.00
334.40 386.00
333.60 387.00
332.80 388.00
332.00 389.00
330.80 388.80
329.60 388.60
328.40 388.40
327.20 388.20
326.00 388.00
324.40 387.40
322.80 386.80
321.20 386.20
319.60 385.60
318.00 385.00
316.40 384.40
314.80 383.80
313.20 383.20
311.60 382.60
310.00 382.00
307.60 380.80
305.20 379.60
302.80 378.40
300.40 377.20
298.00 376.00
293.40 375.20
288.80 374.40
284.20 373.60
279.60 372.80
275.00 372.00
272.60 371.40
270.20 370.80
267.80 370.20
265.40 369.60
263.00 369.00
260.80 368.40
258.60 367.80
256.40 367.20
254.20 366.60
252.00 366.00
249.60 365.20
247.20 364.40
244.80 363.60
242.40 362.80
240.00 362.00
238.20 361.80
236.40 361.60
234.60 361.40
232.80 361.20
231.00 361.00
229.20 359.80
227.40 358.60
225.60 357.40
223.80 356.20
222.00 355.00
220.20 353.80
218.40 352.60
216.60 351.40
214.80 350.20
213.00 349.00
211.40 348.20
209.80 347.40
208.20 346.60
206.60 345.80
205.00 345.00
203.60 344.20
202.20 343.40
200.80 342.60
199.40 341.80
198.00 341.00
197.00 340.20
196.00 339.40
195.00 338.60
194.00 337.80
193.00 337.00
192.20 336.80
191.40 336.60
190.60 336.40
189.80 336.20
189.00 336.00
188.40 335.60
187.80 335.20
187.20 334.80
186.60 334.40
186.00 334.00
185.40 334.00
184.80 334.00
184.20 334.00
183.60 334.00
183.00 334.00
182.60 333.80
182.20 333.60
181.80 333.40
181.40 333.20
181.00 333.00
180.60 332.60
180.20 332.20
179.80 331.80
179.40 331.40
179.00 331.00
178.60 330.80
178.20 330.60
177.80 330.40
177.40 330.20
177.00 330.00
176.80 330.00
176.60 330.00
176.40 330.00
176.20 330.00
176.00 330.00
175.80 330.00
175.60 330.00
175.40 330.00
175.20 330.00
175.00 330.00
175.00 329.80
175.00 329.60
175.00 329.40
175.00 329.20
175.00 329.00
175.00 329.00
175.00 329.00
175.00 329.00
175.00 329.00
175.00 329.00
175.20 328.60
175.40 328.20
175.60 327.80
175.80 327.40
176.00 327.00
176.20 326.80
176.40 326.60
176.60 326.40
176.80 326.20
177.00 326.00
177.00 325.80
177.00 325.60
177.00 325.40
177.00 325.20
177.00 325.00
177.20 325.80
177.40 326.60
177.60 327.40
177.80 328.20
178.00 329.00
178.20 329.40
178.40 329.80
178.60 330.20
178.80 330.60
179.00 331.00
178.80 334.80
178.60 338.60
178.40 342.40
178.20 346.20
178.00 350.00
178.40 350.80
178.80 351.60
179.20 352.40
179.60 353.20
180.00 354.00
180.40 354.40
180.80 354.80
181.20 355.20
181.60 355.60
182.00 356.00
182.40 356.20
182.80 356.40
183.20 356.60
183.60 356.80
184.00 357.00
184.00 357.20
184.00 357.40
184.00 357.60
184.00 357.80
184.00 358.00
184.00 358.20
184.00 358.40
184.00 358.60
184.00 358.80
184.00 359.00
184.60 359.00
185.20 359.00
185.80 359.00
186.40 359.00
187.00 359.00
188.00 359.40
189.00 359.80
190.00 360.20
191.00 360.60
192.00 361.00
193.40 361.40
194.80 361.80
196.20 362.20
197.60 362.60
199.00 363.00
200.60 363.80
202.20 364.60
203.80 365.40
205.40 366.20
207.00 367.00
208.40 367.80
209.80 368.60
211.20 369.40
212.60 370.20
214.00 371.00
215.60 372.00
217.20 373.00
218.80 374.00
220.40 375.00
222.00 376.00
224.00 376.80
226.00 377.60
228.00 378.40
230.00 379.20
232.00 380.00
233.80 380.80
235.60 381.60
237.40 382.40
239.20 383.20
241.00 384.00
243.20 385.00
245.40 386.00
247.60 387.00
249.80 388.00
252.00 389.00
253.80 389.60
255.60 390.20
257.40 390.80
259.20 391.40
261.00 392.00
264.20 393.80
267.40 395.60
270.60 397.40
273.80 399.20
277.00 401.00
278.80 401.40
280.60 401.80
282.40 402.20
284.20 402.60
286.00 403.00
287.60 403.80
289.20 404.60
290.80 405.40
292.40 406.20
294.00 407.00
295.40 407.20
296.80 407.40
298.20 407.60
299.60 407.80
301.00 408.00
302.20 408.40
303.40 408.80
304.60 409.20
305.80 409.60
307.00 410.00
308.60 409.40
310.20 408.80
311.80 408.20
313.40 407.60
315.00 407.00
316.20 407.40
317.40 407.80
318.60 408.20
319.80 408.60
321.00 409.00
321.40 409.00
321.80 409.00
322.20 409.00
322.60 409.00
323.00 409.00
323.20 408.80
323.40 408.60
323.60 408.40
323.80 408.20
324.00 408.00
324.00 407.80
324.00 407.60
324.00 407.40
324.00 407.20
324.00 407.00
324.00 407.00
324.00 407.00
324.00 407.00
324.00 407.00
324.00 407.00
324.00 407.00
324.00 407.00
324.00 407.00
324.00 407.00
324.00 407.00
324.20 406.80
324.40 406.60
324.60 406.40
324.80 406.20
325.00 406.00
325.20 405.40
325.40 404.80
325.60 404.20
325.80 403.60
326.00 403.00
326.40 402.40
326.80 401.80
327.20 401.20
327.60 400.60
328.00 400.00
328.80 399.40
329.60 398.80
330.40 398.20
331.20 397.60
332.00 397.00
334.60 395.40
337.20 393.80
339.80 392.20
342.40 390.60
345.00 389.00
345.60 388.40
346.20 387.80
346.80 387.20
347.40 386.60
348.00 386.00
348.20 385.60
348.40 385.20
348.60 384.80
348.80 384.40
349.00 384.00
349.00 383.80
349.00 383.60
349.00 383.40
349.00 383.20
349.00 383.00
346.20 383.40
343.40 383.80
340.60 384.20
337.80 384.60
335.00 385.00
334.00 384.40
333.00 383.80
332.00 383.20
331.00 382.60
330.00 382.00
328.20 380.80
326.40 379.60
324.60 378.40
322.80 377.20
321.00 376.00
315.20 374.20
309.40 372.40
303.60 370.60
297.80 368.80
292.00 367.00
289.60 365.60
287.20 364.20
284.80 362.80
282.40 361.40
280.00 360.00
277.40 358.60
274.80 357.20
272.20 355.80
269.60 354.40
267.00 353.00
263.60 351.20
260.20 349.40
256.80 347.60
253.40 345.80
250.00 344.00
245.40 342.80
240.80 341.60
236.20 340.40
231.60 339.20
227.00 338.00
225.40 336.60
223.80 335.20
222.20 333.80
220.60 332.40
219.00 331.00
217.80 331.00
216.60 331.00
215.40 331.00
214.20 331.00
213.00 331.00
211.40 330.00
209.80 329.00
208.20 328.00
206.60 327.00
205.00 326.00
203.80 325.60
202.60 325.20
201.40 324.80
200.20 324.40
199.00 324.00
197.80 323.20
196.60 322.40
195.40 321.60
194.20 320.80
193.00 320.00
191.80 319.20
190.60 318.40
189.40 317.60
188.20 316.80
187.00 316.00
186.20 315.40
185.40 314.80
184.60 314.20
183.80 313.60
183.00 313.00
182.60 312.60
182.20 312.20
181.80 311.80
181.40 311.40
181.00 311.00
179.40 310.40
177.80 309.80
176.20 309.20
174.60 308.60
173.00 308.00
172.80 307.60
172.60 307.20
172.40 306.80
172.20 306.40
172.00 306.00
172.00 305.80
172.00 305.60
172.00 305.40
172.00 305.20
172.00 305.00
172.40 305.00
172.80 305.00
173.20 305.00
173.60 305.00
174.00 305.00
174.00 304.60
174.00 304.20
174.00 303.80
174.00 303.40
174.00 303.00
174.20 302.20
174.40 301.40
174.60 300.60
174.80 299.80
175.00 299.00
175.20 299.40
175.40 299.80
175.60 300.20
175.80 300.60
176.00 301.00
176.80 300.00
177.60 299.00
178.40 298.00
179.20 297.00
180.00 296.00
180.40 293.40
180.80 290.80
181.20 288.20
181.60 285.60
182.00 283.00
182.80 281.60
183.60 280.20
184.40 278.80
185.20 277.40
186.00 276.00
186.40 275.40
186.80 274.80
187.20 274.20
187.60 273.60
188.00 273.00
188.40 272.80
188.80 272.60
189.20 272.40
189.60 272.20
190.00 272.00
191.20 272.40
192.40 272.80
193.60 273.20
194.80 273.60
196.00 274.00
199.00 276.00
202.00 278.00
205.00 280.00
208.00 282.00
211.00 284.00
212.40 285.80
213.80 287.60
215.20 289.40
216.60 291.20
218.00 293.00
219.80 293.80
221.60 294.60
223.40 295.40
225.20 296.20
227.00 297.00
229.00 297.80
231.00 298.60
233.00 299.40
235.00 300.20
237.00 301.00
239.20 301.80
241.40 302.60
243.60 303.40
245.80 304.20
248.00 305.00
250.60 306.20
253.20 307.40
255.80 308.60
258.40 309.80
261.00 311.00
263.20 311.80
265.40 312.60
267.60 313.40
269.80 314.20
272.00 315.00
274.40 315.80
276.80 316.60
279.20 317.40
281.60 318.20
284.00 319.00
286.40 320.00
288.80 321.00
291.20 322.00
293.60 323.00
296.00 324.00
299.80 326.20
303.60 328.40
307.40 330.60
311.20 332.80
315.00 335.00
316.40 335.80
317.80 336.60
319.20 337.40
320.60 338.20
322.00 339.00
323.20 339.60
324.40 340.20
325.60 340.80
326.80 341.40
328.00 342.00
329.20 342.40
330.40 342.80
331.60 343.20
332.80 343.60
334.00 344.00
335.00 344.40
336.00 344.80
337.00 345.20
338.00 345.60
339.00 346.00
342.00 346.60
345.00 347.20
348.00 347.80
351.00 348.40
354.00 349.00
354.60 349.20
355.20 349.40
355.80 349.60
356.40 349.80
357.00 350.00
357.40 350.00
357.80 350.00
358.20 350.00
358.60 350.00
359.00 350.00
359.40 350.20
359.80 350.40
360.20 350.60
360.60 350.80
361.00 351.00
361.20 351.00
361.40 351.00
361.60 351.00
361.80 351.00
362.00 351.00
362.00 351.20
362.00 351.40
362.00 351.60
362.00 351.80
362.00 352.00
362.20 352.20
362.40 352.40
362.60 352.60
362.80 352.80
363.00 353.00
363.20 352.80
363.40 352.60
363.60 352.40
363.80 352.20
364.00 352.00
364.40 351.20
364.80 350.40
365.20 349.60
365.60 348.80
366.00 348.00
367.60 344.80
369.20 341.60
370.80 338.40
372.40 335.20
374.00 332.00
374.60 331.00
375.20 330.00
375.80 329.00
376.40 328.00
377.00 327.00
378.40 324.40
379.80 321.80
381.20 319.20
382.60 316.60
384.00 314.00
384.20 313.20
384.40 312.40
384.60 311.60
384.80 310.80
385.00 310.00
385.00 309.20
385.00 308.40
385.00 307.60
385.00 306.80
385.00 306.00
384.60 307.00
384.20 308.00
383.80 309.00
383.40 310.00
383.00 311.00
382.60 310.60
382.20 310.20
381.80 309.80
381.40 309.40
381.00 309.00
379.80 308.00
378.60 307.00
377.40 306.00
376.20 305.00
375.00 304.00
371.80 303.60
368.60 303.20
365.40 302.80
362.20 302.40
359.00 302.00
357.00 300.80
355.00 299.60
353.00 298.40
351.00 297.20
349.00 296.00
347.20 295.20
345.40 294.40
343.60 293.60
341.80 292.80
340.00 292.00
337.80 290.80
335.60 289.60
333.40 288.40
331.20 287.20
329.00 286.00
326.80 284.80
324.60 283.60
322.40 282.40
320.20 281.20
318.00 280.00
314.80 278.80
311.60 277.60
308.40 276.40
305.20 275.20
302.00 274.00
299.60 273.00
297.20 272.00
294.80 271.00
292.40 270.00
290.00 269.00
287.80 268.40
285.60 267.80
283.40 267.20
281.20 266.60
279.00 266.00
275.40 265.80
271.80 265.60
268.20 265.40
264.60 265.20
261.00 265.00
259.00 264.60
257.00 264.20
255.00 263.80
253.00 263.40
251.00 263.00
249.40 262.40
247.80 261.80
246.20 261.20
244.60 260.60
243.00 260.00
241.00 259.60
239.00 259.20
237.00 258.80
235.00 258.40
233.00 258.00
231.20 257.80
229.40 257.60
227.60 257.40
225.80 257.20
224.00 257.00
223.00 256.80
222.00 256.60
221.00 256.40
220.00 256.20
219.00 256.00
217.60 255.60
216.20 255.20
214.80 254.80
213.40 254.40
212.00 254.00
211.20 253.40
210.40 252.80
209.60 252.20
208.80 251.60
208.00 251.00
206.00 249.20
204.00 247.40
202.00 245.60
200.00 243.80
198.00 242.00
197.60 241.40
197.20 240.80
196.80 240.20
196.40 239.60
196.00 239.00
195.40 239.00
194.80 239.00
194.20 239.00
193.60 239.00
193.00 239.00
193.00 239.00
193.00 239.00
193.00 239.00
193.00 239.00
193.00 239.00
192.00 240.80
191.00 242.60
190.00 244.40
189.00 246.20
188.00 248.00
187.80 248.40
187.60 248.80
187.40 249.20
187.20 249.60
187.00 250.00
187.00 250.00
187.00 250.00
187.00 250.00
187.00 250.00
187.00 250.00
187.60 249.60
188.20 249.20
188.80 248.80
189.40 248.40
190.00 248.00
190.00 245.20
190.00 242.40
190.00 239.60
190.00 236.80
190.00 234.00
190.40 233.00
190.80 232.00
191.20 231.00
191.60 230.00
192.00 229.00
192.60 228.20
193.20 227.40
193.80 226.60
194.40 225.80
195.00 225.00
195.60 224.60
196.20 224.20
196.80 223.80
197.40 223.40
198.00 223.00
198.60 222.40
199.20 221.80
199.80 221.20
200.40 220.60
201.00 220.00
201.60 219.60
202.20 219.20
202.80 218.80
203.40 218.40
204.00 218.00
204.80 217.80
205.60 217.60
206.40 217.40
207.20 217.20
208.00 217.00
208.60 217.00
209.20 217.00
209.80 217.00
210.40 217.00
211.00 217.00
212.00 217.40
213.00 217.80
214.00 218.20
215.00 218.60
216.00 219.00
217.40 219.00
218.80 219.00
220.20 219.00
221.60 219.00
223.00 219.00
224.40 219.00
225.80 219.00
227.20 219.00
228.60 219.00
230.00 219.00
231.80 219.20
233.60 219.40
235.40 219.60
237.20 219.80
239.00 220.00
241.00 220.40
243.00 220.80
245.00 221.20
247.00 221.60
249.00 222.00
250.80 222.60
252.60 223.20
254.40 223.80
256.20 224.40
258.00 225.00
261.00 225.80
264.00 226.60
267.00 227.40
270.00 228.20
273.00 229.00
276.00 230.20
279.00 231.40
282.00 232.60
285.00 233.80
288.00 235.00
290.20 235.80
292.40 236.60
294.60 237.40
296.80 238.20
299.00 239.00
301.60 240.20
304.20 241.40
306.80 242.60
309.40 243.80
312.00 245.00
314.20 246.20
316.40 247.40
318.60 248.60
320.80 249.80
323.00 251.00
326.40 252.80
329.80 254.60
333.20 256.40
336.60 258.20
340.00 260.00
341.40 261.00
342.80 262.00
344.20 263.00
345.60 264.00
347.00 265.00
348.40 265.60
349.80 266.20
351.20 266.80
352.60 267.40
354.00 268.00
355.40 268.80
356.80 269.60
358.20 270.40
359.60 271.20
361.00 272.00
362.40 272.80
363.80 273.60
365.20 274.40
366.60 275.20
368.00 276.00
371.20 278.80
374.40 281.60
377.60 284.40
380.80 287.20
384.00 290.00
385.20 290.80
386.40 291.60
387.60 292.40
388.80 293.20
390.00 294.00
390.60 294.60
391.20 295.20
391.80 295.80
392.40 296.40
393.00 297.00
393.40 297.60
393.80 298.20
394.20 298.80
394.60 299.40
395.00 300.00
395.80 299.40
396.60 298.80
397.40 298.20
398.20 297.60
399.00 297.00
399.00 297.00
399.00 297.00
399.00 297.00
399.00 297.00
399.00 297.00
399.00 296.80
399.00 296.60
399.00 296.40
399.00 296.20
399.00 296.00
399.00 296.20
399.00 296.40
399.00 296.60
399.00 296.80
399.00 297.00
398.80 297.40
398.60 297.80
398.40 298.20
398.20 298.60
398.00 299.00
397.80 299.60
397.60 300.20
397.40 300.80
397.20 301.40
397.00 302.00
397.00 302.80
397.00 303.60
397.00 304.40
397.00 305.20
397.00 306.00
396.80 306.80
396.60 307.60
396.40 308.40
396.20 309.20
396.00 310.00
396.40 312.00
396.80 314.00
397.20 316.00
397.60 318.00
398.00 320.00
397.60 320.60
397.20 321.20
396.80 321.80
396.40 322.40
396.00 323.00
395.80 323.40
395.60 323.80
395.40 324.20
395.20 324.60
395.00 325.00
394.60 325.40
394.20 325.80
393.80 326.20
393.40 326.60
393.00 327.00
392.60 328.20
392.20 329.40
391.80 330.60
391.40 331.80
391.00 333.00
390.60 332.40
390.20 331.80
389.80 331.20
389.40 330.60
389.00 330.00
388.40 330.00
387.80 330.00
387.20 330.00
386.60 330.00
386.00 330.00
384.20 329.40
382.40 328.80
380.60 328.20
378.80 327.60
377.00 327.00
375.40 325.60
373.80 324.20
372.20 322.80
370.60 321.40
369.00 320.00
367.80 319.20
366.60 318.40
365.40 317.60
364.20 316.80
363.00 316.00
361.80 315.40
360.60 314.80
359.40 314.20
358.20 313.60
357.00 313.00
355.60 312.40
354.20 311.80
352.80 311.20
351.40 310.60
350.00 310.00
348.60 309.60
347.20 309.20
345.80 308.80
344.40 308.40
343.00 308.00
341.20 307.20
339.40 306.40
337.60 305.60
335.80 304.80
334.00 304.00
332.20 303.00
330.40 302.00
328.60 301.00
326.80 300.00
325.00 299.00
323.00 298.20
321.00 297.40
319.00 296.60
317.00 295.80
315.00 295.00
312.40 293.80
309.80 292.60
307.20 291.40
304.60 290.20
302.00 289.00
299.80 288.20
297.60 287.40
295.40 286.60
293.20 285.80
291.00 285.00
288.60 283.80
286.20 282.60
283.80 281.40
281.40 280.20
279.00 279.00
276.80 278.00
274.60 277.00
272.40 276.00
270.20 275.00
268.00 274.00
265.60 273.20
263.20 272.40
260.80 271.60
258.40 270.80
256.00 270.00
254.00 269.20
252.00 268.40
250.00 267.60
248.00 266.80
246.00 266.00
244.20 265.20
242.40 264.40
240.60 263.60
238.80 262.80
237.00 262.00
235.00 261.60
233.00 261.20
231.00 260.80
229.00 260.40
227.00 260.00
225.00 259.40
223.00 258.80
221.00 258.20
219.00 257.60
217.00 257.00
214.40 256.80
211.80 256.60
209.20 256.40
206.60 256.20
204.00 256.00
203.00 255.60
202.00 255.20
201.00 254.80
200.00 254.40
199.00 254.00
198.00 253.60
197.00 253.20
196.00 252.80
195.00 252.40
194.00 252.00
193.00 251.60
192.00 251.20
191.00 250.80
190.00 250.40
189.00 250.00
188.20 249.00
187.40 248.00
186.60 247.00
185.80 246.00
185.00 245.00
184.20 244.40
183.40 243.80
182.60 243.20
181.80 242.60
181.00 242.00
180.20 241.40
179.40 240.80
178.60 240.20
177.80 239.60
177.00 239.00
176.40 239.00
175.80 239.00
175.20 239.00
174.60 239.00
174.00 239.00
173.60 239.00
173.20 239.00
172.80 239.00
172.40 239.00
172.00 239.00
172.00 238.80
172.00 238.60
172.00 238.40
172.00 238.20
172.00 238.00
172.00 237.60
172.00 237.20
172.00 236.80
172.00 236.40
172.00 236.00
172.00 236.00
172.00 236.00
172.00 236.00
172.00 236.00
172.00 236.00
171.40 237.00
170.80 238.00
170.20 239.00
169.60 240.00
169.00 241.00
169.40 241.60
169.80 242.20
170.20 242.80
170.60 243.40
171.00 244.00
171.20 244.40
171.40 244.80
171.60 245.20
171.80 245.60
172.00 246.00
172.20 246.80
172.40 247.60
172.60 248.40
172.80 249.20
173.00 250.00
173.00 250.40
173.00 250.80
173.00 251.20
173.00 251.60
173.00 252.00
173.80 254.40
174.60 256.80
175.40 259.20
176.20 261.60
177.00 264.00
177.00 264.80
177.00 265.60
177.00 266.40
177.00 267.20
177.00 268.00
177.20 268.20
177.40 268.40
177.60 268.60
177.80 268.80
178.00 269.00
178.20 269.40
178.40 269.80
178.60 270.20
178.80 270.60
179.00 271.00
179.20 271.20
179.40 271.40
179.60 271.60
179.80 271.80
180.00 272.00
179.20 273.40
178.40 274.80
177.60 276.20
176.80 277.60
176.00 279.00
176.20 279.20
176.40 279.40
176.60 279.60
176.80 279.80
177.00 280.00
177.60 280.20
178.20 280.40
178.80 280.60
179.40 280.80
180.00 281.00
180.80 281.40
181.60 281.80
182.40 282.20
183.20 282.60
184.00 283.00
185.20 283.80
186.40 284.60
187.60 285.40
188.80 286.20
190.00 287.00
191.60 287.40
193.20 287.80
194.80 288.20
196.40 288.60
198.00 289.00
199.80 289.80
201.60 290.60
203.40 291.40
205.20 292.20
207.00 293.00
208.80 293.60
210.60 294.20
212.40 294.80
214.20 295.40
216.00 296.00
217.80 296.40
219.60 296.80
221.40 297.20
223.20 297.60
225.00 298.00
227.60 299.00
230.20 300.00
232.80 301.00
235.40 302.00
238.00 303.00
241.20 304.60
244.40 306.20
247.60 307.80
250.80 309.40
254.00 311.00
255.60 312.00
257.20 313.00
258.80 314.00
260.40 315.00
262.00 316.00
263.60 316.80
265.20 317.60
266.80 318.40
268.40 319.20
270.00 320.00
271.40 320.60
272.80 321.20
274.20 321.80
275.60 322.40
277.00 323.00
278.80 323.40
280.60 323.80
282.40 324.20
284.20 324.60
286.00 325.00
287.80 325.40
289.60 325.80
291.40 326.20
293.20 326.60
295.00 327.00
296.60 327.40
298.20 327.80
299.80 328.20
301.40 328.60
303.00 329.00
304.60 329.00
306.20 329.00
307.80 329.00
309.40 329.00
311.00 329.00
314.20 329.40
317.40 329.80
320.60 330.20
323.80 330.60
327.00 331.00
328.00 331.20
329.00 331.40
330.00 331.60
331.00 331.80
332.00 332.00
333.00 332.40
334.00 332.80
335.00 333.20
336.00 333.60
337.00 334.00
337.80 334.20
338.60 334.40
339.40 334.60
340.20 334.80
341.00 335.00
343.20 336.00
345.40 337.00
347.60 338.00
349.80 339.00
352.00 340.00
353.75 340.50
355.50 341.00
357.25 341.50
359.00 342.00
