330 306 
330 306 
330 305 
330 305 
330 305 
330 305 
330 305 
329 305 
329 305 
329 304 
329 304 
329 304 
329 304 
328 304 
328 304 
328 304 
328 303 
328 303 
327 303 
327 304 
327 303 
327 303 
327 303 
327 302 
326 302 
326 302 
326 301 
326 301 
326 300 
325 300 
325 300 
325 300 
325 300 
325 301 
325 300 
324 300 
324 299 
324 299 
324 299 
323 299 
323 299 
323 299 
323 298 
323 298 
323 296 
322 296 
322 295 
322 295 
322 295 
322 294 
322 293 
322 293 
321 292 
321 292 
321 291 
321 291 
321 290 
321 290 
321 290 
321 289 
321 289 
321 288 
321 287 
322 281 
322 276 
322 275 
322 274 
322 274 
322 273 
322 272 
322 271 
322 270 
322 269 
322 268 
322 267 
322 267 
322 266 
322 265 
322 263 
322 263 
323 262 
323 261 
323 260 
323 259 
323 258 
323 257 
323 256 
323 255 
324 255 
324 254 
324 253 
324 252 
324 251 
324 250 
324 250 
324 249 
324 248 
324 247 
324 246 
324 245 
324 245 
324 244 
324 243 
324 243 
324 243 
324 242 
324 242 
324 241 
324 240 
324 240 
324 239 
324 239 
324 239 
327 237 
328 236 
328 235 
329 235 
328 234 
329 234 
329 234 
329 234 
329 234 
329 234 
329 234 
329 234 
329 234 
329 235 
329 235 
329 236 
329 236 
329 236 
329 237 
330 237 
330 238 
330 238 
330 239 
330 240 
330 240 
330 240 
330 240 
331 241 
332 241 
331 241 
332 241 
332 241 
333 242 
333 242 
333 242 
334 242 
334 242 
335 241 
336 242 
336 242 
336 242 
339 244 
343 248 
345 249 
345 249 
346 249 
347 249 
347 250 
348 251 
349 251 
349 252 
350 251 
351 252 
352 253 
353 253 
354 254 
355 255 
355 255 
356 256 
357 256 
358 256 
359 257 
360 258 
361 259 
362 259 
363 261 
364 267 
365 262 
367 269 
368 269 
368 270 
372 273 
373 273 
374 273 
376 276 
382 282 
390 289 
393 292 
394 293 
400 301 
399 301 
403 302 
405 303 
405 303 
406 303 
407 303 
412 307 
413 307 
414 307 
410 305 
414 308 
414 309 
415 308 
416 308 
415 308 
416 309 
416 308 
416 309 
417 309 
417 308 
417 309 
416 310 
417 309 
417 310 
417 310 
416 309 
416 309 
417 309 
416 310 
417 310 
417 310 
417 310 
418 311 
417 311 
418 311 
418 311 
419 311 
420 312 
422 313 
421 312 
422 313 
421 312 
422 312 
422 312 
422 312 
422 312 
421 312 
421 312 
422 312 
421 311 
421 312 
422 312 
422 312 
421 312 
420 313 
420 312 
421 314 
421 314 
419 314 
420 315 
419 315 
420 316 
419 315 
419 317 
418 317 
418 317 
418 318 
417 318 
418 320 
418 323 
418 327 
417 330 
416 331 
416 331 
416 333 
416 334 
416 334 
415 334 
416 335 
415 335 
415 336 
415 335 
414 335 
414 336 
414 336 
414 337 
414 338 
413 337 
412 336 
413 339 
413 338 
412 338 
412 339 
412 340 
411 340 
411 341 
411 341 
411 341 
410 341 
410 342 
410 343 
410 343 
409 343 
409 343 
408 342 
408 343 
408 343 
408 343 
407 343 
406 342 
405 343 
405 343 
405 343 
405 343 
403 343 
403 342 
403 342 
401 340 
398 336 
398 335 
397 334 
396 334 
396 333 
396 333 
395 332 
395 332 
394 331 
393 331 
393 331 
393 331 
391 330 
391 329 
390 329 
389 328 
389 328 
